Blank
 100 
 9.53305089057034E-09 
 0 
 0 
 0 
 0 
 0 
 9.45527123263901E-09 
 7.43940395397935E-11 
 3.38561839154095E-12 
 9.455271E-09 
 7.439404E-11 
 3.385618E-12 
 7.86799551714644E-03 
 3.58066728090965E-04 
 1.01611596827617E-09 
 0 
 0 
 0 
 0 
 0 
 9.99764493414546E-10 
 1.20034060815954E-11 
 4.34806878002458E-12 
 9.997645E-10 
 1.200341E-11 
 4.348069E-12 
 1.20062216196327E-02 
 4.34908866995941E-03 
 2.63386937043517E-11 
 0 
 0 
 0 
 0 
 0 
 2.61017943370412E-11 
 1.18698638158082E-12 
-9.50087014270351E-13 
 2.610179E-11 
 1.186986E-12 
-9.50087E-13 
 5.55359692974999E-02 
 1.71432077217268E-02 

 0 
B
Blank
 100 
 1.09104009637581E-08 
 0 
 0 
 0 
 0 
 0 
 1.08222115713374E-08 
 8.47900222256115E-11 
 3.39937019505632E-12 
 1.013874E-08 
 7.959203E-11 
 3.392494E-12 
 7.83481396865074E-03 
 3.14110462408616E-04 
 1.05318051241837E-09 
 0 
 0 
 0 
 0 
 0 
 1.03646757843023E-09 
 1.24085793723472E-11 
 4.30435461579171E-12 
 1.018116E-09 
 1.220599E-11 
 4.326212E-12 
 1.19719783412455E-02 
 4.15290410666557E-03 
 1.49321166325808E-10 
 0 
 0 
 0 
 0 
 0 
 1.41706354983562E-10 
 7.87252988493359E-12 
-2.57718542687191E-13 
 8.390408E-11 
 4.529758E-12 
-6.039028E-13 
 5.61595179281085E-02 
 2.38497958444697E-02 

 0 
B
Blank
 100 
 1.61025427935189E-08 
 0 
 0 
 0 
 0 
 0 
 1.59727111537222E-08 
 1.25264174033468E-10 
 4.5674657632444E-12 
 1.20834E-08 
 9.481608E-11 
 3.784151E-12 
 7.84238599105368E-03 
 2.85954302519375E-04 
 1.0544655587065E-09 
 0 
 0 
 0 
 0 
 0 
 1.03756458980087E-09 
 1.24890835520586E-11 
 4.41188535357795E-12 
 1.024599E-09 
 1.230036E-11 
 4.35477E-12 
 1.20369099311173E-02 
 4.25215080082382E-03 
 1.31461425295978E-10 
 0 
 0 
 0 
 0 
 0 
 1.26078647522121E-10 
 6.17108447675818E-12 
-7.88306702900754E-13 
 9.796227E-11 
 5.076867E-12 
-6.653708E-13 
 5.99945819131467E-02 
 0.027271553599217 

 0 
B
Blank
 100 
 1.42638759983126E-08 
 0 
 0 
 0 
 0 
 0 
 1.41485445581679E-08 
 1.10954502530181E-10 
 4.37693761443092E-12 
 1.259968E-08 
 9.885068E-11 
 3.932348E-12 
 7.84211366984932E-03 
 3.09356010937694E-04 
 1.0472131885611E-09 
 0 
 0 
 0 
 0 
 0 
 1.03036901233367E-09 
 1.23658383879843E-11 
 4.47833783945306E-12 
 1.026041E-09 
 1.231673E-11 
 4.385662E-12 
 0.012001357027053 
 4.3463394565523E-03 
 1.16553558037608E-10 
 0 
 0 
 0 
 0 
 0 
 1.11167047789351E-10 
 5.87565369622456E-12 
-4.89143447968132E-13 
 1.012635E-10 
 5.276564E-12 
-6.213139E-13 
 5.11056270592736E-02 
 3.55555873960469E-02 

 0 
B
Blank
 100 
 1.04368021339001E-08 
 0 
 0 
 0 
 0 
 0 
 1.03521928807027E-08 
 8.12462389032653E-11 
 3.36301429412766E-12 
 1.215019E-08 
 9.53298E-11 
 3.818481E-12 
 7.84821457553315E-03 
 3.24860056997865E-04 
 1.02636345256091E-09 
 0 
 0 
 0 
 0 
 0 
 1.01062880286662E-09 
 1.19360259523416E-11 
 3.79862374194628E-12 
 1.022959E-09 
 1.224059E-11 
 4.268254E-12 
 1.18104828479097E-02 
 3.75866982269137E-03 
 9.68513819490924E-11 
 0 
 0 
 0 
 0 
 0 
 9.29903654078856E-11 
 4.52826751790036E-12 
-6.67250976693623E-13 
 9.960884E-11 
 5.126905E-12 
-6.305013E-13 
 5.35499049724919E-02 
 40.789909904186 

 0 
B
TEST
 100 
 2.02163327710225E-07 
 0 
 0 
 0 
 0 
 0 
 2.00539886918705E-07 
 1.5767186445359E-09 
 4.67221469846457E-11 
 1.215019E-08 
 9.53298E-11 
 3.818481E-12 
 7.86236923187708E-03 
 2.32981814589358E-04 
 5.88519165400925E-07 
 0 
 0 
 0 
 0 
 0 
 5.7875757875081E-07 
 7.23614768105563E-09 
 2.52543896905877E-09 
 1.022959E-09 
 1.224059E-11 
 4.268254E-12 
 1.25028992003384E-02 
 4.36355230137409E-03 
 6.00080812762638E-07 
 0 
 0 
 0 
 0 
 0 
 5.70619647533022E-07 
 2.92019493031148E-08 
 2.59215926501355E-10 
 9.960884E-11 
 5.126905E-12 
-6.305013E-13 
 5.12054166421212E-02 
 4.43613650986663E-04 

 0 
S
CYSTINE
 100 
 1.96528845343436E-07 
 0 
 11.6000003814697 
 3.77999997138977 
 0 
 0.000000000000001 
 1.94941975451002E-07 
 1.53210411024673E-09 
 5.4765782186994E-11 
 1.215019E-08 
 9.53298E-11 
 3.818481E-12 
 7.85928273704571E-03 
 2.80933758773879E-04 
 5.69209029244178E-07 
 0 
 29.8999996185303 
-14.2600002288818 
 0 
 0.000000000000001 
 5.59765112484456E-07 
 7.00097668726585E-09 
 2.44294007245571E-09 
 1.022959E-09 
 1.224059E-11 
 4.268254E-12 
 1.25069900188784E-02 
 4.36422351734164E-03 
 5.99870154160964E-07 
 0 
 26.6000003814697 
 2.90000009536743 
-1000 
 0.000000000000001 
 5.70404097288701E-07 
 2.92055108985778E-08 
 2.60545973684856E-10 
 9.960884E-11 
 5.126905E-12 
-6.305013E-13 
 5.12160017266954E-02 
 4.45283588078382E-04 

 0 
R
TEST
 100 
 2.00532843740164E-07 
 0 
 11836.2909148941 
 3.54606600810021 
 0 
 0 
 1.9891321301202E-07 
 1.56295087982983E-09 
 5.66798483148112E-11 
 1.215019E-08 
 9.53298E-11 
 3.818481E-12 
 7.85745123868735E-03 
 2.84947627016801E-04 
 5.77972244286684E-07 
 0 
 30360.3217648332 
-14.2028233128195 
-29.9533183164272 
 0 
 5.68382574783755E-07 
 7.10914083157377E-09 
 2.48052867135584E-09 
 1.022959E-09 
 1.224059E-11 
 4.268254E-12 
 1.25076684867959E-02 
 4.36418844813453E-03 
 6.21247393473023E-07 
 0 
 27547.781552442 
 3.28121274298798 
 3.28121274298798 
 0 
 5.90718343573826E-07 
 3.02618801129029E-08 
 2.67169786294374E-10 
 9.960884E-11 
 5.126905E-12 
-6.305013E-13 
 5.12338499651737E-02 
 4.41339650251393E-04 

 0 
S
TEST
 100 
 1.93671231690784E-07 
 0 
 11431.1352825981 
 3.42115742433296 
 0 
 0 
 1.92104479879163E-07 
 1.50926371400573E-09 
 5.74880976156322E-11 
 1.215019E-08 
 9.53298E-11 
 3.818481E-12 
 7.85647324361618E-03 
 2.99254329481182E-04 
 5.6655625857438E-07 
 0 
 29760.6519749762 
-14.1471516254134 
-29.8971768631051 
 0 
 5.57155487967975E-07 
 6.96909818742597E-09 
 2.43167241897879E-09 
 1.022959E-09 
 1.224059E-11 
 4.268254E-12 
 1.25083541765611E-02 
 4.36444128636974E-03 
 5.98245886551663E-07 
 0 
 26527.7438354978 
 3.02781476327334 
 3.02781476327334 
 0 
 5.68851532989356E-07 
 2.91356183623748E-08 
 2.58735199931692E-10 
 9.960884E-11 
 5.126905E-12 
-6.305013E-13 
 0.051221985961611 
 4.42402428916466E-04 

 0 
S
TEST
 100 
 2.0455706934569E-07 
 0 
 12073.7182329716 
 3.67161933975925 
 0 
 0 
 2.02902995738441E-07 
 1.594499865476E-09 
 5.95737417730113E-11 
 1.215019E-08 
 9.53298E-11 
 3.818481E-12 
 7.85843428193248E-03 
 2.93607007933992E-04 
 5.88139831503298E-07 
 0 
 30894.4155701683 
-14.1536915675646 
-29.8225585101094 
 0 
 5.78380763727182E-07 
 7.23456494711172E-09 
 2.5245028290044E-09 
 1.022959E-09 
 1.224059E-11 
 4.268254E-12 
 1.25083083468808E-02 
 4.36477660213298E-03 
 6.37722656710027E-07 
 0 
 28278.2710507668 
 3.22007513307469 
 3.22007513307469 
 0 
 6.06384162438189E-07 
 3.10628536226432E-08 
 2.75640649194386E-10 
 9.960884E-11 
 5.126905E-12 
-6.305013E-13 
 5.12309875242583E-02 
 4.43324965090142E-04 

 0 
S
TEST
 100 
 2.02094003420861E-07 
 0 
 11928.3135028838 
 3.29217771726694 
 0 
 0 
 2.00459965071786E-07 
 1.57470592121456E-09 
 5.93324278597152E-11 
 1.215019E-08 
 9.53298E-11 
 3.818481E-12 
 7.85546337292526E-03 
 2.95981432216087E-04 
 5.79354367813423E-07 
 0 
 30432.9231089561 
-14.0846144414598 
-29.638165287175 
 0 
 5.69740109312988E-07 
 7.12699765870184E-09 
 2.48726084173256E-09 
 1.022959E-09 
 1.224059E-11 
 4.268254E-12 
 1.25092081980803E-02 
 4.36560599598078E-03 
 6.25239207685535E-07 
 0 
 27724.7339386756 
 3.34849556175504 
 3.34849556175504 
 0 
 5.94511050167057E-07 
 3.04604590439794E-08 
 2.67698474498701E-10 
 9.960884E-11 
 5.126905E-12 
-6.305013E-13 
 5.12370001239493E-02 
 4.40867845327375E-04 

 0 
S
TEST
 100 
 1.97282573416446E-07 
 0 
 11644.2321165344 
 3.44228833904219 
 0 
 0 
 1.95685572634829E-07 
 1.53743084929658E-09 
 5.95699323202581E-11 
 1.215019E-08 
 9.53298E-11 
 3.818481E-12 
 7.85663869205705E-03 
 3.04416576112135E-04 
 5.72809930154961E-07 
 0 
 30089.1457706232 
-14.0040648896826 
-29.0696229512771 
 0 
 5.6330219422307E-07 
 7.04714064880818E-09 
 2.46059528308251E-09 
 1.022959E-09 
 1.224059E-11 
 4.268254E-12 
 1.25104086377971E-02 
 4.36816206993241E-03 
 6.17757271115238E-07 
 0 
 27392.998162593 
 3.31811885147516 
 3.31811885147516 
 0 
 5.87398346851842E-07 
 3.0094252423396E-08 
 2.64671840000119E-10 
 9.960884E-11 
 5.126905E-12 
-6.305013E-13 
 5.12355778959481E-02 
 4.39685118408306E-04 

 0 
S
CYSTINE
 100 
 1.99909345847959E-07 
 0 
 11.6000003814697 
 3.77999997138977 
 0 
 0.000000000000001 
 1.98292141817547E-07 
 1.55798662859752E-09 
 5.92174018154701E-11 
 1.215019E-08 
 9.53298E-11 
 3.818481E-12 
 7.8570265390256E-03 
 2.98637157147249E-04 
 5.76436912647083E-07 
 0 
 29.8999996185303 
-14.2600002288818 
 0 
 0.000000000000001 
 5.66869175600004E-07 
 7.09152025990534E-09 
 2.4762167871728E-09 
 1.022959E-09 
 1.224059E-11 
 4.268254E-12 
 1.25099768211773E-02 
 4.36823325273274E-03 
 6.21416548801657E-07 
 0 
 26.6000003814697 
 2.90000009536743 
-1000 
 0.000000000000001 
 5.90871536587656E-07 
 3.0279785789844E-08 
 2.65226424156495E-10 
 9.960884E-11 
 5.126905E-12 
-6.305013E-13 
 5.12446028858911E-02 
 4.38958959648517E-04 

 0 
R
TEST
 100 
 1.97269669766076E-07 
 0 
 11446.7387219363 
 3.58793942921133 
 0 
 0 
 1.95672456015927E-07 
 1.53710955075326E-09 
 6.01041993952833E-11 
 1.215019E-08 
 9.53298E-11 
 3.818481E-12 
 7.85552332809076E-03 
 3.07167397558598E-04 
 5.77089758202476E-07 
 0 
 29933.8609594225 
-14.2329994040098 
-29.7970387539219 
 0 
 5.6751059673843E-07 
 7.09976388790778E-09 
 2.47939757613835E-09 
 1.022959E-09 
 1.224059E-11 
 4.268254E-12 
 1.25103635354149E-02 
 4.36890092629018E-03 
 6.14490736183804E-07 
 0 
 26303.5114064766 
 2.87381960106018 
 2.87381960106018 
 0 
 5.84286226512631E-07 
 2.99421927252297E-08 
 2.62316945942587E-10 
 9.960884E-11 
 5.126905E-12 
-6.305013E-13 
 5.12433764397251E-02 
 4.39077690089107E-04 

 0 
S
END
 100 
 1.97269669766076E-07 
 0 
 11446.7387219363 
 3.58793942921133 
 0 
 0 
 1.95672456015927E-07 
 1.53710955075326E-09 
 6.01041993952833E-11 
 1.215019E-08 
 9.53298E-11 
 3.818481E-12 
 7.85552332809076E-03 
 3.07167397558598E-04 
 5.77089758202476E-07 
 0 
 29933.8609594225 
-14.2329994040098 
-29.7970387539219 
 0 
 5.6751059673843E-07 
 7.09976388790778E-09 
 2.47939757613835E-09 
 1.022959E-09 
 1.224059E-11 
 4.268254E-12 
 1.25103635354149E-02 
 4.36890092629018E-03 
 6.14490736183804E-07 
 0 
 26303.5114064766 
 2.87381960106018 
 2.87381960106018 
 0 
 5.84286226512631E-07 
 2.99421927252297E-08 
 2.62316945942587E-10 
 9.960884E-11 
 5.126905E-12 
-6.305013E-13 
 5.12433764397251E-02 
 4.39077690089107E-04 

 0 
S
